Depth,Mean,SD,-SD,+SD
0.00,0.00,0.00,0.00,0.01
0.05,0.00,0.23,0.00,0.23
0.10,0.50,0.64,0.00,1.14
0.15,1.15,1.04,0.11,2.19
0.20,1.66,1.15,0.51,2.82
0.25,2.62,1.98,0.64,4.60
0.30,3.62,3.02,0.60,6.65
0.35,4.35,3.70,0.65,8.05
0.40,4.25,3.64,0.60,7.89
0.45,4.10,3.57,0.53,7.68
0.50,4.47,3.94,0.53,8.41
0.55,5.06,4.41,0.65,9.46
0.60,5.57,4.93,0.64,10.51
0.65,4.01,3.56,0.46,7.57
0.70,3.12,2.23,0.90,5.35
0.75,2.27,1.49,0.78,3.76
0.80,1.91,0.87,1.05,2.78
0.85,1.76,0.77,0.99,2.53
0.90,1.67,0.84,0.84,2.51
0.95,1.59,0.88,0.71,2.46
1.00,1.51,0.63,0.88,2.14
1.05,1.48,0.43,1.04,1.91
1.10,1.47,0.22,1.25,1.70
1.15,1.47,0.35,1.12,1.83
1.20,1.48,0.41,1.07,1.88
1.25,1.47,0.38,1.10,1.85
1.30,1.48,0.33,1.15,1.81
1.35,1.47,0.31,1.16,1.78
1.40,1.42,0.28,1.14,1.71
1.45,1.42,0.24,1.18,1.66
1.50,1.43,0.23,1.20,1.65
1.55,1.43,0.21,1.21,1.64
1.60,1.42,0.21,1.21,1.64
1.65,1.37,0.17,1.20,1.54
1.70,1.37,0.12,1.25,1.49
1.75,1.37,0.20,1.17,1.57
1.80,1.42,0.29,1.13,1.72
1.85,1.45,0.29,1.15,1.74
1.90,1.51,0.29,1.22,1.80
1.95,1.51,0.28,1.23,1.79
2.00,1.51,0.29,1.22,1.80
2.05,1.47,0.32,1.15,1.79
2.10,1.54,0.35,1.19,1.90
2.15,1.65,0.37,1.29,2.02
2.20,1.74,0.36,1.39,2.10
2.25,1.84,0.47,1.38,2.31
2.30,1.73,0.56,1.18,2.29
2.35,1.68,0.57,1.11,2.25
2.40,1.65,0.50,1.14,2.15
2.45,1.60,0.46,1.14,2.05
2.50,1.70,0.53,1.17,2.23
2.55,1.80,0.58,1.22,2.37
2.60,1.85,0.62,1.23,2.46
2.65,1.85,0.59,1.26,2.45
2.70,1.87,0.56,1.31,2.44
2.75,2.02,0.66,1.36,2.69
2.80,2.17,0.75,1.41,2.92
2.85,2.33,0.79,1.54,3.12
2.90,2.18,0.62,1.56,2.80
2.95,2.12,0.45,1.66,2.57
3.00,2.11,0.44,1.67,2.55
3.05,2.17,0.44,1.73,2.60
3.10,2.19,0.41,1.78,2.60
3.15,2.25,0.34,1.91,2.59
3.20,2.25,0.27,1.98,2.52
3.25,2.25,0.20,2.05,2.45
3.30,2.25,0.17,2.07,2.42
3.35,2.25,0.21,2.04,2.45
3.40,2.25,0.23,2.02,2.49
3.45,2.26,0.30,1.95,2.56
3.50,2.25,0.30,1.95,2.55
3.55,2.25,0.30,1.95,2.54
3.60,2.19,0.31,1.89,2.50
3.65,2.19,0.35,1.84,2.55
3.70,2.14,0.40,1.74,2.54
3.75,2.15,0.36,1.79,2.50
3.80,2.22,0.27,1.95,2.49
3.85,2.26,0.20,2.07,2.46
3.90,2.23,0.24,1.98,2.47
3.95,2.20,0.31,1.90,2.51
4.00,2.21,0.36,1.86,2.57
4.05,2.15,0.43,1.72,2.59
4.10,2.16,0.52,1.64,2.68
4.15,2.24,0.59,1.65,2.83
4.20,2.31,0.74,1.57,3.04
4.25,2.35,0.78,1.58,3.13
4.30,2.41,0.73,1.68,3.15
4.35,2.46,0.78,1.69,3.24
4.40,2.35,0.86,1.49,3.21
4.45,2.29,1.00,1.29,3.29
4.50,2.20,0.97,1.23,3.16
4.55,2.08,0.84,1.24,2.93
4.60,1.92,0.73,1.19,2.65
4.65,2.03,0.63,1.40,2.65
4.70,2.13,0.60,1.54,2.73
4.75,2.19,0.50,1.69,2.69
4.80,2.11,0.48,1.63,2.59
4.85,2.04,0.49,1.55,2.53
4.90,2.04,0.38,1.66,2.42
4.95,2.04,0.28,1.76,2.32
5.00,2.38,1.59,0.80,3.97
5.05,2.76,3.92,0.00,6.68
5.10,3.17,5.52,0.00,8.70
5.15,2.76,7.46,0.00,10.22
5.20,2.38,1.85,0.53,4.23
5.25,1.90,0.13,1.77,2.03
5.30,2.54,3.28,0.00,5.82
5.35,3.26,6.36,0.00,9.62
5.40,2.58,4.22,0.00,6.80
5.45,1.77,0.11,1.66,1.88
5.50,2.07,1.23,0.84,3.30
5.55,2.36,3.08,0.00,5.45
5.60,2.75,5.33,0.00,8.08
5.65,2.69,4.61,0.00,7.30
5.70,2.56,4.12,0.00,6.68
5.75,2.26,3.12,0.00,5.38
5.80,1.97,1.53,0.44,3.49
5.85,1.58,0.14,1.44,1.71
5.90,1.82,1.40,0.42,3.22
5.95,2.06,2.42,0.00,4.48
6.00,2.13,3.03,0.00,5.17
6.05,2.21,2.67,0.00,4.88
6.10,2.32,4.37,0.00,6.68
6.15,2.21,3.90,0.00,6.11
6.20,2.00,3.03,0.00,5.03
6.25,2.23,3.26,0.00,5.50
6.30,2.78,4.09,0.00,6.87
6.35,3.20,5.16,0.00,8.36
6.40,2.64,3.68,0.00,6.32
6.45,1.89,1.05,0.84,2.94
6.50,2.27,1.58,0.70,3.85
6.55,2.69,2.71,0.00,5.40
6.60,3.23,3.60,0.00,6.83
6.65,3.97,4.13,0.00,8.09
6.70,4.76,4.64,0.13,9.40
6.75,5.44,5.22,0.22,10.67
6.80,5.86,5.56,0.30,11.42
6.85,6.28,6.19,0.09,12.48
6.90,6.23,6.05,0.18,12.28
6.95,6.14,5.91,0.23,12.06
7.00,6.10,5.34,0.77,11.44
7.05,5.98,4.74,1.24,10.72
7.10,5.91,4.07,1.83,9.98
7.15,6.19,4.17,2.02,10.37
7.20,6.60,4.30,2.30,10.90
7.25,6.46,4.39,2.07,10.85
7.30,6.18,3.92,2.26,10.10
7.35,5.91,3.54,2.37,9.45
7.40,6.22,5.73,0.49,11.95
7.45,6.58,6.59,0.00,13.17
7.50,6.49,8.41,0.00,14.91
7.55,6.33,7.32,0.00,13.66
7.60,6.19,6.71,0.00,12.90
7.65,6.06,6.55,0.00,12.61
7.70,5.92,6.85,0.00,12.77
7.75,5.59,6.84,0.00,12.43
7.80,4.61,3.41,1.20,8.02
7.85,4.75,1.60,3.15,6.35
7.90,4.84,2.08,2.76,6.92
7.95,4.98,2.40,2.57,7.38
8.00,5.30,3.54,1.76,8.84
8.05,5.68,4.84,0.84,10.53
8.10,6.03,6.28,0.00,12.31
8.15,6.34,5.58,0.76,11.92
8.20,6.77,4.82,1.95,11.60
8.25,6.26,3.68,2.59,9.94
8.30,5.08,2.15,2.93,7.23
8.35,4.60,1.09,3.51,5.68
8.40,4.36,0.90,3.46,5.26
8.45,4.17,0.71,3.46,4.88
8.50,4.33,0.96,3.36,5.29
8.55,4.54,1.23,3.30,5.77
8.60,4.74,1.27,3.47,6.01
8.65,4.96,1.07,3.89,6.03
8.70,5.17,0.94,4.23,6.10
8.75,5.25,0.75,4.50,6.00
8.80,5.11,0.58,4.53,5.69
8.85,5.22,0.67,4.55,5.89
8.90,5.34,1.14,4.19,6.48
8.95,5.48,1.47,4.01,6.95
9.00,5.41,1.08,4.32,6.49
9.05,5.32,0.76,4.56,6.08
9.10,5.22,0.51,4.70,5.73
9.15,5.28,0.44,4.84,5.72
9.20,5.31,0.36,4.95,5.67
9.25,5.39,0.32,5.07,5.71
9.30,5.41,0.28,5.13,5.69
9.35,5.46,0.27,5.19,5.73
9.40,5.51,0.35,5.16,5.86
9.45,5.61,0.45,5.16,6.06
9.50,5.80,0.67,5.13,6.47
9.55,6.06,0.98,5.08,7.04
9.60,5.93,0.88,5.04,6.81
9.65,5.83,0.74,5.09,6.57
9.70,5.76,0.61,5.15,6.37
9.75,5.82,0.69,5.13,6.51
9.80,5.88,0.75,5.13,6.64
9.85,5.74,0.64,5.09,6.38
9.90,5.62,0.57,5.04,6.19
9.95,5.50,0.48,5.02,5.98
10.00,5.56,0.45,5.11,6.01
10.05,5.60,0.47,5.14,6.07
10.10,5.55,0.67,4.87,6.22
10.15,5.44,0.89,4.55,6.33
10.20,5.41,1.10,4.31,6.50
10.25,5.45,0.98,4.47,6.43
10.30,5.55,0.89,4.66,6.45
10.35,5.72,0.73,4.99,6.44
10.40,5.90,0.55,5.35,6.46
10.45,6.08,0.42,5.65,6.50
10.50,6.01,0.42,5.60,6.43
10.55,5.99,0.43,5.57,6.42
10.60,6.02,0.58,5.44,6.61
10.65,6.05,0.81,5.24,6.86
10.70,6.09,0.95,5.14,7.04
10.75,5.87,0.89,4.98,6.76
10.80,5.72,0.88,4.84,6.60
10.85,5.81,2.03,3.78,7.84
10.90,5.90,3.26,2.63,9.16
10.95,5.97,3.43,2.54,9.39
11.00,5.84,2.17,3.67,8.01
11.05,5.74,0.73,5.01,6.47
11.10,5.87,0.96,4.91,6.83
11.15,6.02,1.21,4.80,7.23
11.20,6.20,1.29,4.91,7.49
11.25,6.40,1.27,5.13,7.67
11.30,6.57,1.27,5.30,7.84
11.35,7.38,2.74,4.65,10.12
11.40,8.62,4.75,3.87,13.37
11.45,9.22,5.78,3.44,15.00
11.50,9.31,5.58,3.73,14.89
11.55,9.39,5.34,4.05,14.73
11.60,10.06,4.46,5.60,14.52
11.65,10.90,3.55,7.36,14.45
11.70,11.54,2.85,8.70,14.39
11.75,10.92,2.95,7.97,13.87
11.80,10.28,2.98,7.30,13.26
11.85,10.16,2.67,7.49,12.83
11.90,10.09,2.34,7.75,12.43
11.95,10.92,1.98,8.95,12.90
12.00,12.63,3.62,9.01,16.24
12.05,14.06,4.20,9.86,18.26
12.10,14.95,5.26,9.69,20.22
12.15,14.95,5.54,9.41,20.50
12.20,14.74,5.51,9.23,20.25
12.25,14.95,4.81,10.15,19.76
12.30,14.95,3.99,10.96,18.95
12.35,14.95,4.76,10.19,19.71
12.40,14.96,5.98,8.97,20.94
12.45,14.73,6.34,8.39,21.06
12.50,14.63,5.88,8.75,20.52
12.55,14.48,5.50,8.98,19.98
12.60,14.65,5.44,9.21,20.09
12.65,14.96,5.56,9.39,20.52
12.70,14.95,5.31,9.63,20.26
12.75,14.46,4.99,9.47,19.45
12.80,13.62,4.28,9.34,17.90
12.85,14.40,5.48,8.92,19.88
12.90,14.96,6.66,8.30,21.62
12.95,14.96,7.23,7.73,22.19
13.00,14.96,7.11,7.85,22.06
13.05,14.95,7.01,7.94,21.96
13.10,14.95,7.61,7.34,22.56
13.15,14.95,8.31,6.64,23.27
13.20,14.20,8.20,6.00,22.40
13.25,14.48,9.08,5.40,23.55
13.30,14.95,10.20,4.75,25.15
13.35,13.35,7.92,5.43,21.27
13.40,11.56,5.47,6.09,17.03
13.45,9.93,2.53,7.40,12.46
13.50,9.62,1.59,8.03,11.21
13.55,9.28,0.96,8.31,10.24
13.60,9.30,0.77,8.52,10.07
13.65,9.34,0.62,8.72,9.96
13.70,9.37,0.48,8.89,9.85
13.75,9.30,0.35,8.95,9.65
13.80,9.25,0.43,8.82,9.68
13.85,9.24,0.51,8.73,9.76
13.90,9.25,0.60,8.65,9.85
13.95,9.28,0.65,8.62,9.93
14.00,9.28,0.69,8.59,9.97
14.05,9.33,0.80,8.53,10.12
14.10,9.35,0.92,8.44,10.27
14.15,9.36,1.06,8.29,10.42
14.20,9.34,0.87,8.47,10.21
14.25,9.13,0.75,8.38,9.88
14.30,8.91,0.75,8.16,9.66
14.35,8.82,0.77,8.05,9.58
14.40,8.75,0.81,7.94,9.56
14.45,8.69,0.77,7.91,9.46
14.50,8.59,0.73,7.86,9.31
14.55,8.37,0.77,7.59,9.14
14.60,8.46,0.68,7.78,9.13
14.65,8.56,0.56,8.00,9.12
14.70,8.60,0.54,8.06,9.14
14.75,8.55,0.68,7.87,9.22
14.80,8.50,0.85,7.64,9.35
14.85,8.45,1.10,7.34,9.55
14.90,8.41,1.34,7.07,9.75
14.95,8.27,1.14,7.12,9.41
15.00,7.98,0.95,7.03,8.93
15.05,7.68,1.00,6.68,8.67
15.10,7.63,1.03,6.60,8.66
15.15,7.58,1.01,6.58,8.59
15.20,7.50,0.85,6.65,8.35
15.25,7.31,0.73,6.58,8.04
15.30,7.15,0.59,6.56,7.74
15.35,6.95,0.51,6.44,7.47
15.40,6.72,0.44,6.27,7.16
15.45,6.54,0.44,6.10,6.98
15.50,6.38,0.38,6.00,6.76
15.55,6.16,1.39,4.77,7.55
15.60,6.66,2.37,4.29,9.04
15.65,7.88,3.89,4.00,11.77
15.70,9.21,4.23,4.98,13.44
